// list of items that are not refineable
// -------------------------------------
1243
1530
2110
2112
2201
2202
2203
2204
2205
2210
2212
2218
2219
2237
2238
2239
2240
2241
2242
2243
2250
2253
2260
2262
2263
2264
2265
2266
2267
2268
2269
2270
2271
2276
2278
2279
2281
2282
2286
2288
2289
2290
2291
2292
2293
2295
2296
2297
2298
2352
2410
2413
2414
2509
2510
2601
2602
2603
2604
2605
2607
2608
2609
2610
2611
2612
2613
2614
2615
2616
2617
2618
2619
2620
2621
2622
2623
2624
2625
2626
2627
2628
2629
2630
2631
2634
2635
2636
2637
2638
2639
2640
5004
5005
5006
5008
5014
5015
5037
5039
5040
5043
5046
5049
5050
5051
5053
5054
5055
5068
5074
5085
5086
5087
5088
5089
5090
5096
5098
5101
5102
5104
5107
5110
5113
5134
5135
5137
5139