// job_db2-2.txt, Advanced Class Job Bonuses Database
//
// JobBonus: 0-None 1-Str 2-Agi 3-Vit 4-Int 5-Dex 6-Luk
//
// Each parameter represents a job level, either 1-50, or 1-70

//	#0	Novice High
0,6,5,0,2,3,0,1,4,0,0,0,0,0,0,0,0,0,0,0,0,0,0,0,0,0,0,0,0,0,0,0,0,0,0,0,0,0,0,0,0,0,0,0,0,0,0,0,0,0
//	#1	Swordsman High
0,1,0,0,0,3,0,0,0,5,0,0,0,1,0,0,0,3,0,0,0,5,0,0,0,6,0,0,0,2,0,0,1,0,0,5,0,3,0,1,0,3,0,6,0,2,1,0,1,1
//	#2	Mage High
0,4,0,0,0,5,0,0,0,5,0,0,0,4,0,0,0,2,0,0,0,4,0,0,0,2,0,0,0,6,0,0,4,0,0,5,0,4,0,2,0,6,0,4,0,4,2,0,6,4
//	#3	Archer High
0,5,0,0,0,1,0,0,0,4,0,0,0,5,0,0,0,5,0,0,0,6,0,0,0,2,0,0,0,5,0,0,2,0,0,5,0,1,0,1,0,5,0,6,0,3,4,0,2,5
//	#4	Acolyte High
0,6,0,0,0,3,0,0,0,4,0,0,0,5,0,0,0,6,0,0,0,2,0,0,0,1,0,0,0,3,0,0,4,0,0,5,0,6,0,2,0,1,0,3,0,4,5,0,1,6
//	$5	Merchant High
0,3,0,0,0,5,0,0,0,1,0,0,0,5,0,0,0,3,0,0,0,1,0,0,0,4,0,0,0,3,0,0,2,0,0,6,0,5,0,1,0,5,0,1,0,6,3,0,1,5
//	#6	Thief High
0,2,0,0,0,1,0,0,0,5,0,0,0,3,0,0,0,4,0,0,0,5,0,0,0,6,0,0,0,1,0,0,2,0,0,1,0,2,0,6,0,5,0,3,0,6,1,0,5,2
//	#7	Lord Knight
1,2,6,5,3,1,1,1,0,2,5,3,4,2,0,5,2,0,1,0,0,3,0,0,1,0,6,5,3,0,5,0,1,0,0,5,2,6,0,3,1,0,3,5,0,1,1,0,5,0,0,1,2,0,0,1,1,3,0,2,0,5,0,1,2,0,4,3,0,1
//	#8	High Priest
4,0,2,3,1,0,4,2,0,0,4,1,5,0,0,5,0,0,2,4,1,3,4,4,0,5,0,5,2,3,1,0,0,4,0,0,5,1,0,6,0,2,5,0,1,5,4,0,6,3,3,0,0,0,2,5,4,3,0,1,4,5,0,0,2,4,3,2,0,4
//	#9	High Wizard
4,5,3,0,4,0,0,2,5,4,0,6,0,4,0,0,5,2,4,1,0,5,5,4,0,2,0,4,3,0,5,4,0,2,0,0,4,4,4,1,6,0,5,0,0,4,3,0,4,2,0,0,3,0,4,2,6,0,4,1,5,4,0,0,2,3,5,0,2,4
//	#10	Whitesmith/Mastersmith
5,1,1,4,0,5,2,6,3,0,0,5,3,0,4,6,1,0,2,2,0,4,5,0,0,1,0,6,3,0,2,5,1,4,0,2,0,5,6,0,5,0,0,6,6,0,5,3,0,4,0,1,0,0,5,5,0,2,0,3,4,5,0,2,3,6,6,0,0,5
//	#11	Sniper
5,2,5,5,4,2,0,1,0,2,2,3,0,6,0,5,5,0,0,4,2,5,0,1,6,5,0,2,0,5,6,3,2,0,5,6,0,2,0,5,0,4,2,0,1,5,0,2,0,6,5,0,0,4,3,0,6,2,0,5,1,6,0,0,4,0,0,0,5,6
//	#12	Assasin Cross
2,1,6,2,2,0,1,6,3,5,0,1,0,0,2,6,0,6,0,2,1,0,5,2,2,6,0,0,1,0,2,2,2,6,0,0,5,1,5,0,0,2,5,0,0,2,3,6,0,1,2,0,5,1,0,2,5,0,0,0,5,2,0,5,6,1,0,0,3,5
//	#13	Peco Lord Knight
1,2,6,5,3,1,1,1,0,2,5,3,4,2,0,5,2,0,1,0,0,3,0,0,1,0,6,5,3,0,5,0,1,0,0,5,2,6,0,3,1,0,3,5,0,1,1,0,5,0,0,1,2,0,0,1,1,3,0,2,0,5,0,1,2,0,4,3,0,1
//	#14	Paladin
3,1,2,0,0,5,4,2,3,1,0,5,0,4,3,2,5,1,0,0,3,0,5,2,0,1,0,0,4,3,0,0,1,0,0,5,2,0,6,1,0,3,4,0,5,0,0,1,3,0,0,2,3,4,1,0,5,0,6,2,4,0,3,1,4,0,6,5,3,2
//	#15	Champion
1,4,3,2,0,5,0,0,1,0,4,2,6,0,3,5,1,0,0,2,2,5,0,3,0,0,1,0,2,5,0,0,4,6,0,0,1,5,3,0,0,3,0,5,2,6,4,1,0,5,0,2,5,0,0,4,0,3,1,5,0,2,0,4,1,1,5,3,4,2
//	#16	Professor/Scholar
4,4,2,0,1,0,3,5,0,0,4,2,0,4,0,5,0,1,0,5,6,4,2,3,0,5,1,0,5,4,0,2,0,5,0,1,5,4,3,0,4,0,2,0,1,5,0,0,4,2,0,5,0,2,5,1,4,0,0,2,0,5,3,4,0,6,0,4,2,4
// 	#17	Stalker
1,2,0,6,4,3,0,0,2,5,1,2,0,0,3,5,5,0,0,6,2,1,0,6,0,5,2,0,5,0,6,1,0,2,0,0,5,5,0,0,2,3,1,4,2,0,1,0,5,6,0,5,1,0,0,5,4,2,6,5,0,1,3,2,0,5,1,0,0,2
// 	#18	Creator/Biochemist
5,0,6,0,2,1,4,6,3,5,0,0,4,0,5,0,0,2,0,6,0,4,5,0,6,0,2,0,0,4,1,0,3,6,5,0,0,2,0,0,5,5,5,0,6,4,5,0,5,0,6,6,1,2,0,5,5,0,4,6,3,0,5,6,0,1,2,4,6,5
// 	#19	Clown/Minstrel
2,5,0,2,1,0,5,4,2,1,6,0,2,0,5,3,0,6,1,0,4,0,5,2,0,6,0,4,0,5,0,2,1,0,0,2,0,0,5,5,4,0,5,0,1,0,6,0,2,5,0,0,2,1,0,5,5,2,3,0,5,1,5,0,2,5,0,2,4,1
// 	#20	Gypsy
5,1,0,2,0,1,0,4,5,0,2,2,2,5,5,0,3,5,0,1,0,5,5,0,2,4,6,5,0,0,2,0,5,0,1,0,0,2,4,0,5,0,5,0,5,0,2,0,5,1,0,2,4,3,0,0,2,5,0,4,2,2,6,0,5,1,2,0,5,2
//	#21	Peco Paladin
3,1,2,0,0,5,4,2,3,1,0,5,0,4,3,2,5,1,0,0,3,0,5,2,0,1,0,0,4,3,0,0,1,0,0,5,2,0,6,1,0,3,4,0,5,0,0,1,3,0,0,2,3,4,1,0,5,0,6,2,4,0,3,1,4,0,6,5,3,2
//	#x	Default
0,0,0,0,0,0,0,0,0,0,0,0,0,0,0,0,0,0,0,0,0,0,0,0,0,0,0,0,0,0,0,0,0,0,0,0,0,0,0,0,0,0,0,0,0,0,0,0,0,0
//	#x	Default
0,0,0,0,0,0,0,0,0,0,0,0,0,0,0,0,0,0,0,0,0,0,0,0,0,0,0,0,0,0,0,0,0,0,0,0,0,0,0,0,0,0,0,0,0,0,0,0,0,0,0,0,0,0,0,0,0,0,0,0,0,0,0,0,0,0,0,0,0,0
