// produce_db.txt, Item Creation Database
//
// Structure of Database:
//
//ID,ItemLV,RequireSkill,MaterialID1,MaterialAmount1,MaterialID2,MaterialAmount2,MaterialID3,MaterialAmount3,MaterialID4,MaterialAmount4,MaterialID5,MaterialAmount5
//
// If MaterialAmount = 0, you just need that item in your inventory (books)

// Stones and Metals ItemLV=16
998,16,94,1002,1
999,16,95,998,5,1003,1
1000,16,96,1001,10
994,16,96,990,10
995,16,96,991,10
997,16,96,993,10
996,16,96,992,10

// Weapon ItemLV=wLV
1101,1,99,998,2
1104,1,99,998,30
1107,1,99,998,45,913,25
1110,2,99,999,20
1113,2,99,999,35
1122,2,99,999,40,920,50
1126,3,99,999,5,984,8,727,1
1123,3,99,984,8,999,10,728,1
1119,3,99,984,8,999,15,718,1
1129,3,99,984,16,724,1
1201,1,98,998,1,909,10
1204,1,98,998,25
1207,1,98,998,50
1210,2,98,999,17
1213,2,98,999,30
1216,2,98,999,40
1219,3,98,984,4,999,40,726,1
1222,3,98,984,4,999,60,729,1
1116,1,100,998,35,958,15
1151,2,100,999,25,957,20
1154,2,100,999,45
1157,2,100,984,12,999,10
1160,3,100,984,12,999,20
1163,3,100,984,16,999,20,733,1
1301,1,101,998,10
1351,1,101,998,110
1354,2,101,999,30
1357,3,101,984,4,999,20,922,30
1360,3,101,984,8,999,10,719,1
1501,1,102,998,3
1504,1,102,998,30
1507,2,102,999,20
1510,2,102,999,33
1519,2,102,999,45
1513,3,102,999,85,730,1
1516,3,102,999,100,963,20
1522,3,102,999,120,968,1
1801,1,103,998,160,722,1
1803,2,103,999,50
1805,2,103,999,65
1807,3,103,984,4,723,10
1809,3,103,984,8,728,10
1811,3,103,984,4,727,10
1401,1,104,998,3
1404,1,104,998,35
1407,1,104,998,70
1451,2,104,999,25
1454,2,104,999,40
1457,2,104,999,55
1460,3,104,984,8,999,10,720,5
1463,3,104,984,12,999,10
1410,3,104,984,12,723,3,923,2

// Potions ItemLV=32 MaterialID1=êªë¢ÇÃèë
501,32,228,7144,0,507,1,1093,1,
503,32,228,7144,0,508,1,1093,1
504,32,228,7144,0,509,1,1093,1
505,32,228,7144,0,510,1,911,1,1093,1

//Condensed Red Potion
545,32,228,7133,0,501,1,1092,1,952,1

//Condensed Yellow Potion
546,32,228,7133,0,503,1,1092,1,1017,1

//Condensed White Potion
547,32,228,7133,0,504,1,1092,1,1061,1

//Anodyne
605,32,228,7144,0,708,1,970,1,713,1

//Aloevera
606,32,228,7144,0,704,1,518,1,713,1

//Alcohol
970,32,228,7127,0,713,1,7033,5,905,5,1092,1

// Fire Bottle
7135,32,228,7128,0,970,1,1059,1,713,1

// Acid Bottle
7136,32,228,7129,0,713,1,929,1

// Plant Bottle
7137,32,228,7130,0,713,1,1032,2

// Embryo
7142,32,228,7144,0,7140,1,7141,1,7143,1

// Marine Sphere Bottle
7138,32,228,7131,0,713,1,1050,1,1051,1

// Glistening Coat
7139,32,228,7132,0,970,1,950,1,1044,1,713,1

//Gold Coin
671,64,385,7231,1

//Silver Coin
675,64,385,7232,1

//Mysterious Ore Coin <- Mysterious Ore
674,64,385,7233,1

//Deadly Poison Bottle
678,256,407,937,1,939,1,952,1,7033,1,972,1,657,1,713,1

// Holy Water
523,1,31,713,1

// Elemental-Resist Potions
12118,32,228,7434,0,1012,2,716,1,1093,1
12119,32,228,7434,0,950,3,717,1,1093,1
12120,32,228,7434,0,7126,2,715,1,1093,1
12121,32,228,7434,0,1057,3,717,1,1093,1

// Elemental Converters
12114,23,1007,7433,1,904,3
12115,23,1007,7433,1,946,3
12116,23,1007,7433,1,947,3
12117,23,1007,7433,1,1013,3

// Cooking Kit Produce Sets

12041,11,1,7472,0,940,5,7031,1,7457,1
12046,11,1,7472,0,514,3,501,2
12051,11,1,7472,0,960,10,511,10,503,1
12056,11,1,7472,0,577,1,908,10,1024,1
12061,11,1,7472,0,518,1,514,2,501,1
12066,11,1,7472,0,942,5,7031,1,7457,1

12042,11,1,7473,0,918,20,511,10,508,10,7454,1
12052,11,1,7473,0,966,10,956,5,951,5,579,1
12047,11,1,7473,0,510,5,507,10,508,10
12057,11,1,7473,0,577,1,7454,1,535,5,515,3
12062,11,1,7473,0,7182,10,539,1,519,1,736,1
12067,11,1,7473,0,531,3,534,2,533,1,620,2

12063,12,1,7474,0,512,5,513,5,582,5,578,5,7452,1
12048,12,1,7474,0,518,2,509,10,7452,1
12043,12,1,7474,0,517,4,7031,1,511,10,7286,5,7455,1
12053,12,1,7474,0,966,20,961,10,518,1,7453,1
12058,12,1,7474,0,962,10,548,10,549,5,7453,1
12068,12,1,7474,0,516,10,549,10,633,1,7453,1

12049,12,1,7475,0,578,10,568,4,582,10,970,2,514,5
12054,12,1,7475,0,962,30,509,10,7194,10,7031,1,1024,20
12044,12,1,7475,0,517,5,507,3,508,2,511,3,7453,1,568,1
12064,12,1,7475,0,580,5,519,15,548,10,508,10,517,1,7453,1
12059,12,1,7475,0,577,3,7455,1,7066,10,515,10,1062,10
12069,12,1,7475,0,1054,10,945,10,509,10,579,5,7453,2

12050,13,1,7476,0,522,4,505,1,970,2,568,2,7452,1
12045,13,1,7476,0,516,10,518,2,7457,1,515,3,577,1
12065,13,1,7476,0,520,2,521,3,7100,10,7198,6,7453,1,7452,1
12060,13,1,7476,0,7006,20,1062,20,7482,1,520,10,507,10
12055,13,1,7476,0,553,20,508,10,7455,1,7456,1,511,20
12070,13,1,7476,0,904,20,1042,10,7198,10,7031,2,7457,1

12071,13,1,7477,0,517,10,518,2,508,1,522,1,954,20
12076,13,1,7477,0,581,3,533,3,921,20,970,1,7456,1
12091,13,1,7477,0,7164,20,539,10,548,10,519,10,620,5,7453,1
12086,13,1,7477,0,7286,20,567,20,7453,1,568,20
12081,13,1,7477,0,7188,20,1033,10,921,20,581,1,518,2
12096,13,1,7477,0,903,5,1015,5,705,10,1061,10,704,1

12072,14,1,7478,0,517,10,7098,1,1003,2,7455,1,1019,15,509,10
12077,14,1,7478,0,526,4,518,2,509,5,520,10,7452,1
12092,14,1,7478,0,580,10,522,5,7453,1,708,5,609,5,619,2
12087,14,1,7478,0,7003,10,1062,10,515,10,521,10,508,10
12082,14,1,7478,0,1023,10,521,5,1028,10,579,2,537,10,7453,1
12097,14,1,7478,0,936,10,956,5,7194,10,517,5,581,10,966,10

12073,14,1,7479,0,948,20,515,10,1062,10,521,2,520,1,7454,1
12078,14,1,7479,0,576,4,520,10,610,3,521,10,526,6,7452,1
12093,14,1,7479,0,580,10,526,2,517,5,578,10,7455,1,548,10,7453,1
12088,14,1,7479,0,606,1,7455,1,517,10,520,10,1062,10,515,10
12083,14,1,7479,0,7298,20,517,20,622,5,1062,10,7454,1,577,2
12098,14,1,7479,0,578,10,577,5,7298,10,7452,1,7456,2,7454,1

12074,15,1,7480,0,1050,40,7482,1,548,10,7455,1,1003,2,511,30,1024,10
12079,15,1,7480,0,610,10,582,10,970,5,526,4,505,2,7452,1,521,10
12094,15,1,7480,0,619,5,582,10,578,10,7456,1,634,1,533,5,970,2
12089,15,1,7480,0,517,10,526,5,711,20,7454,4,508,5,509,10,507,5
12084,15,1,7480,0,7123,10,1037,20,610,3,526,6,7455,1,7456,1,632,1
12099,15,1,7480,0,702,1,605,2,606,2,970,2,526,6,7456,1,531,10

12075,15,1,7481,0,1015,20,7482,1,970,1,606,2,7455,1,526,5,610,10,505,2
12080,15,1,7481,0,1033,10,707,1,521,5,526,5,568,5,576,5,607,1,510,10
12095,15,1,7481,0,607,1,7066,10,7119,10,526,4,645,3,970,5,576,2,710,1
12090,15,1,7481,0,904,20,7125,20,606,2,610,3,621,3,526,10,7455,1,7482,1
12085,15,1,7481,0,929,20,934,10,608,1,605,2,950,10,7455,2,609,10,621,2
12100,15,1,7481,0,1022,10,706,2,1033,10,7100,10,610,4,7454,1,7452,1,709,2